[ 72 426]
[ 71 427]
[ 67 427]
[ 66 428]
[ 57 428]
[ 56 429]
[ 53 429]
[ 52 430]
[ 47 430]
[ 46 431]
[ 45 430]
[ 44 431]
[ 42 431]
[ 41 430]
[ 40 430]
[ 39 431]
[ 38 430]
[ 37 431]
[ 37 436]
[ 38 437]
[ 38 439]
[ 39 440]
[ 39 441]
[ 40 442]
[ 40 443]
[ 42 445]
[ 43 445]
[ 44 446]
[ 47 446]
[ 48 447]
[ 50 447]
[ 54 451]
[ 54 452]
[ 55 452]
[ 56 453]
[ 56 454]
[ 66 464]
[ 66 465]
[ 69 468]
[ 70 468]
[ 71 469]
[ 71 470]
[ 76 475]
[ 76 476]
[ 77 477]
[ 77 479]
[108 479]
[108 476]
[107 475]
[107 474]
[106 473]
[106 472]
[102 468]
[102 467]
[ 97 462]
[ 97 461]
[ 96 460]
[ 96 459]
[ 95 458]
[ 95 457]
[ 94 456]
[ 94 455]
[ 93 454]
[ 93 453]
[ 92 452]
[ 92 451]
[ 91 450]
[ 91 449]
[ 90 448]
[ 90 447]
[ 89 446]
[ 89 444]
[ 88 443]
[ 88 441]
[ 87 440]
[ 87 438]
[ 86 437]
[ 86 436]
[ 85 435]
[ 85 433]
[ 84 432]
[ 84 430]
[ 83 429]
[ 83 428]
[ 81 426]
